    ______ __                            _      
   / ____// /____  _      __ ____ ___   (_)_  __
  / /_   / // __ \| | /| / // __ `__ \ / /| |/_/
 / __/  / // /_/ /| |/ |/ // / / / / // /_>  <  
/_/    /_/ \____/ |__/|__//_/ /_/ /_//_//_/|_|  

# FlowEq 配置文件
# 配置名称: Technics-AZ80-Optimized
# 导出时间: 2026-10-07 09:21:00
# 版本: 1.0

[PEQ]
PEQ1: 250 1.2 1.50 PEAK
PEQ2: 450 1.8 1.40 PEAK
PEQ3: 700 0.8 1.50 PEAK
PEQ4: 1800 -2.0 1.30 PEAK
PEQ5: 5800 0.5 1.00 PEAK

[RAW]
GraphicEQ: 20 -6.9; 21 -6.8; 22 -6.0; 23 -5.2; 24 -4.6; 26 -4.1; 27 -4.2; 29 -4.5; 30 -4.6; 32 -4.1; 34 -3.7; 36 -3.5; 38 -3.6; 40 -3.8; 43 -3.7; 45 -3.7; 48 -3.7; 50 -3.6; 53 -3.5; 56 -3.3; 59 -3.1; 63 -2.8; 66 -2.6; 70 -2.4; 74 -2.2; 78 -2.0; 83 -1.7; 87 -1.5; 92 -1.3; 97 -1.0; 103 -0.7; 109 -0.5; 115 -0.2; 121 0.1; 128 0.5; 136 0.5; 143 0.5; 151 0.7; 160 0.6; 169 0.3; 178 0.6; 188 0.6; 199 0.7; 210 -0.5; 222 -0.9; 235 -1.0; 248 -1.0; 262 -1.1; 277 -1.1; 292 -1.2; 309 -1.3; 326 -1.4; 345 -1.5; 364 -1.5; 385 -1.5; 406 -1.6; 429 -1.7; 453 -1.9; 479 -2.2; 506 -2.5; 534 -2.7; 565 -2.8; 596 -2.7; 630 -2.6; 665 -2.4; 703 -2.3; 743 -2.1; 784 -2.0; 829 -1.6; 875 -1.2; 924 -0.7; 977 -0.2; 1032 0.3; 1090 0.7; 1151 1.1; 1216 1.6; 1284 2.2; 1357 2.7; 1433 2.8; 1514 2.9; 1599 3.2; 1689 3.4; 1784 3.5; 1885 3.5; 1991 3.3; 2103 2.9; 2221 2.5; 2347 1.9; 2479 1.2; 2618 0.5; 2766 -0.1; 2921 -0.5; 3086 -0.7; 3260 -0.9; 3443 -0.9; 3637 -0.9; 3842 -0.9; 4058 -0.9; 4287 -1.1; 4528 -1.4; 4783 -1.7; 5052 -2.2; 5337 -2.9; 5637 -4.1; 5955 -4.3; 6290 -2.8; 6644 -0.8; 7018 0.5; 7414 0.9; 7831 0.9; 8272 0.8; 8738 0.1; 9230 -1.1; 9749 0.9; 10298 0.0; 10878 0.0; 11490 0.0; 12137 0.0; 12821 0.0; 13543 0.0; 14305 0.0; 15110 0.0; 15961 0.0; 16860 0.0; 17809 0.0; 18812 0.0; 19871 0.0

[METADATA]
PEQ_COUNT: 5
RAW_BANDS: 127
SELECTED_PEQ: 0
